DRONLAR
id,max_weight,battery,speed,start_pos_x,start_pos_y
1,3.6,17804,8.6,16,79
2,5.2,12161,7.3,81,64
3,2.4,15432,9.1,51,57
4,3.4,14886,9.9,43,57
5,5.4,11281,9.9,34,80

TESLIMATLAR
id,pos_x,pos_y,weight,priority,time_window_start,time_window_end
1,88,67,1.1,4,45,60
2,35,23,2.1,3,6,60
3,74,9,3.6,3,12,65
4,7,14,3.7,4,39,67
5,70,32,1.4,3,39,78
6,48,88,1.2,3,75,106
7,16,69,2.7,1,5,56
8,76,84,3.8,3,56,108
9,44,50,0.8,3,63,105
10,89,56,1.9,1,0,51
11,46,59,2.6,2,28,75
12,48,46,2.9,4,46,71
13,68,60,3.9,4,37,58
14,22,81,2.5,3,29,88
15,27,45,2.6,2,55,113
16,85,15,2.1,2,34,71
17,9,25,1.3,3,61,101
18,47,63,3.4,4,65,86
19,40,75,0.7,2,57,102
20,42,25,1.1,3,60,103

UCUSA_YASAK_BOLGELER
id,coord1_x,coord1_y,coord2_x,coord2_y,coord3_x,coord3_y,coord4_x,coord4_y,active_start,active_end
1,21,70,33,70,33,90,21,90,58,104
2,27,34,43,34,43,52,27,52,61,102
3,27,28,41,28,41,50,27,50,29,108
