DRONLAR
id,max_weight,battery,speed,start_pos_x,start_pos_y
1,4.0,12000,8.0,10,10
2,3.5,10000,10.0,20,30
3,5.0,15000,7.0,50,50
4,2.0,8000,12.0,80,20
5,6.0,20000,5.0,40,70

TESLIMATLAR
id,pos_x,pos_y,weight,priority,time_window_start,time_window_end
1,15,25,1.5,3,0,60
2,30,40,2.0,5,0,30
3,70,80,3.0,2,20,80
4,90,10,1.0,4,10,40
5,45,60,4.0,1,30,90
6,25,15,2.5,3,0,50
7,60,30,1.0,5,5,25
8,85,90,3.5,2,40,100
9,10,80,2.0,4,15,45
10,95,50,1.5,3,0,60
11,55,20,0.5,5,0,20
12,35,75,2.0,1,50,120
13,75,40,3.0,3,10,50
14,20,90,1.5,4,30,70
15,65,65,4.5,2,25,75
16,40,10,2.0,5,0,30
17,5,50,1.0,3,15,55
18,50,85,3.0,1,60,100
19,80,70,2.5,4,20,60
20,30,55,1.5,2,40,80

UCUSA_YASAK_BOLGELER
id,coord1_x,coord1_y,coord2_x,coord2_y,coord3_x,coord3_y,coord4_x,coord4_y,active_start,active_end
1,40,30,60,30,60,50,40,50,0,120
2,70,10,90,10,90,30,70,30,30,90
3,10,60,30,60,30,80,10,80,0,60
