DRONLAR
id,max_weight,battery,speed,start_pos_x,start_pos_y
1,4.5,15000,8.0,10,10
2,3.8,12000,10.0,25,35
3,5.2,18000,7.5,45,55
4,2.5,10000,12.0,75,25
5,6.0,22000,6.0,35,75
6,4.0,14000,9.0,90,40
7,3.2,11000,11.0,60,15
8,5.8,20000,6.5,15,85
9,2.8,9000,13.0,85,75
10,4.8,16000,8.5,50,5

TESLIMATLAR
id,pos_x,pos_y,weight,priority,time_window_start,time_window_end
1,18,28,1.8,4,0,45
2,32,42,2.2,5,0,30
3,68,82,2.8,3,15,75
4,88,12,1.2,5,5,35
5,42,65,3.5,2,25,85
6,28,18,2.1,4,0,50
7,62,32,1.5,5,0,25
8,82,88,3.2,2,35,95
9,12,78,2.4,4,10,45
10,92,52,1.7,3,0,60
11,55,22,0.8,5,0,20
12,38,72,2.3,1,45,105
13,72,45,2.9,3,15,55
14,22,85,1.9,4,25,65
15,65,68,4.2,2,20,80
16,45,12,2.5,5,0,30
17,8,55,1.3,3,10,50
18,58,82,3.1,1,55,115
19,78,72,2.7,4,15,55
20,35,58,1.6,2,35,75
21,95,35,2.0,5,0,40
22,25,25,1.4,3,20,60
23,70,15,3.3,2,30,90
24,15,90,2.6,4,40,80
25,88,60,1.1,5,5,25
26,52,38,2.8,1,60,120
27,40,85,1.9,3,0,40
28,85,20,3.4,2,45,105
29,20,60,2.2,4,20,60
30,75,75,1.5,5,10,30
31,30,45,2.9,3,25,65
32,65,25,1.7,4,0,40
33,10,35,3.0,2,50,110
34,80,85,2.3,5,15,35
35,45,70,1.8,1,65,125
36,90,45,2.1,3,5,45
37,25,80,2.4,4,30,70
38,60,10,1.6,5,0,20
39,85,65,3.1,2,40,100
40,35,30,2.0,4,10,50
41,70,80,1.2,3,20,80
42,50,25,2.7,5,0,30
43,15,70,3.2,1,70,130
44,95,55,1.9,2,25,85
45,40,15,2.5,4,15,55
46,75,40,1.4,5,5,25
47,20,90,2.8,3,35,75
48,65,60,2.2,2,45,105
49,85,30,1.7,4,0,40
50,30,75,3.0,1,75,135

UCUSA_YASAK_BOLGELER
id,coord1_x,coord1_y,coord2_x,coord2_y,coord3_x,coord3_y,coord4_x,coord4_y,active_start,active_end
1,30,25,50,25,50,45,30,45,0,60
2,65,10,85,10,85,30,65,30,20,80
3,10,55,30,55,30,75,10,75,0,40
4,70,60,90,60,90,80,70,80,40,100
5,40,70,60,70,60,90,40,90,15,75
